0 231.347409782
10 230.779093067
20 231.068148148
30 231.342958215
40 231.532298196
50 231.636168091
60 231.725792972
110 230.510811966
120 230.500128205
130 230.742293447
140 230.952407407
150 230.938162393
160 231.030754986
220 230.93460114
230 231.069928775
240 231.280042735
250 231.329900285
260 231.294287749
330 231.358390313
340 231.586310541
350 231.636168091
360 231.66465812
440 231.782179487
450 231.782179487
460 231.810669516
550 232.205968661
560 231.92462963
660 232.629757835
1110 230.783247863
1120 230.135811966
1130 230.321709402
1140 230.507606838
1150 230.565299145
1160 230.751196581
1220 230.210598291
1230 230.603760684
1240 230.832393162
1250 230.612307692
1260 230.605897436
1330 230.599487179
1340 231.125128205
1350 230.905042735
1360 230.898632479
1440 231.116581197
1450 231.06957265
1460 231.063162393
1550 231.377264957
1560 231.099487179
1660 231.766153846
2220 231.567435897
2230 230.710598291
2240 230.896495726
2250 231.082393162
2260 231.14008547
2330 230.785384615
2340 231.588803419
2350 231.496923077
2360 231.234102564
2440 231.302478632
2450 231.661452991
2460 231.398632479
2550 231.691367521
2560 231.434957265
2660 231.952051282
3330 232.351623932
3340 231.285384615
3350 231.471282051
3360 231.657179487
3440 231.488376068
3450 232.082393162
3460 231.947777778
3550 231.877264957
3560 231.984102564
3660 232.266153846
4440 233.135811966
4450 231.731965812
4460 231.917863248
4550 232.063162393
4560 232.084529915
4660 232.452051282
5550 233.92
5560 232.306752137
5660 232.637948718
6660 234.704188034
11110 230.868717949
11120 230.278974359
11130 230.522564103
11140 230.766153846
11150 231.00974359
11160 231.253333333
11220 230.214871795
11230 230.022564103
11240 230.189230769
11250 229.971282051
11260 230.137948718
11330 230.586666667
11340 230.355897436
11350 230.137948718
11360 230.304615385
11440 230.958461538
11450 230.304615385
11460 230.471282051
11550 231.33025641
11560 230.637948718
11660 231.702051282
12220 230.778974359
12230 229.817435897
12240 229.984102564
12250 230.150769231
12260 230.317435897
12330 229.996923077
12340 232.048205128
12350 231.048205128
12360 230.689230769
12440 230.727692308
12450 231.202051282
12460 230.843076923
12550 230.689230769
12560 230.612307692
12660 231.035384615
13330 231.522564103
13340 230.33025641
13350 230.496923077
13360 230.663589744
13440 230.894358974
13450 231.740512821
13460 231.381538462
13550 230.855897436
13560 231.150769231
13660 231.202051282
14440 232.266153846
14450 230.843076923
14460 231.00974359
14550 231.022564103
14560 231.304615385
14660 231.368717949
15550 233.00974359
15560 231.355897436
15660 231.535384615
16660 233.753333333
22220 232.099487179
22230 231.266153846
22240 231.50974359
22250 231.753333333
22260 231.996923077
22330 230.958461538
22340 230.702051282
22350 230.868717949
22360 230.650769231
22440 231.33025641
22450 231.035384615
22460 230.817435897
22550 231.702051282
22560 230.984102564
22660 232.073846154
23330 231.766153846
23340 230.496923077
23350 230.663589744
23360 230.83025641
23440 231.061025641
23450 233.176410256
23460 232.048205128
23550 231.407179487
23560 231.817435897
23660 231.368717949
24440 232.50974359
24450 231.00974359
24460 231.176410256
24550 231.573846154
24560 231.971282051
24660 231.535384615
25550 233.253333333
25560 231.522564103
25660 231.702051282
26660 233.996923077
33330 233.33025641
33340 232.253333333
33350 232.496923077
33360 232.740512821
33440 231.702051282
33450 231.381538462
33460 231.548205128
33550 232.073846154
33560 231.714871795
33660 232.445641026
34440 232.753333333
34450 231.176410256
34460 231.343076923
34550 231.740512821
34560 233.278974359
34660 232.086666667
35550 233.496923077
35560 231.689230769
35660 232.253333333
36660 234.240512821
44440 234.561025641
44450 233.240512821
44460 233.484102564
44550 232.445641026
44560 231.676410256
44660 232.817435897
45550 233.740512821
45560 231.855897436
45660 232.42
46660 234.484102564
55550 235.791794872
55560 234.227692308
55660 233.189230769
56660 234.727692308
66660 237.022564103
111110 233.304615385
111120 229.766153846
111130 230.073846154
111140 230.381538462
111150 230.689230769
111160 230.996923077
111220 231.458461538
111230 229.766153846
111240 229.996923077
111250 230.227692308
111260 230.458461538
111330 231.92
111340 230.227692308
111350 230.458461538
111360 230.689230769
111440 232.381538462
111450 230.689230769
111460 230.92
111550 232.843076923
111560 231.150769231
111660 233.304615385
112220 231.689230769
112230 229.304615385
112240 229.458461538
112250 229.612307692
112260 229.766153846
112330 229.458461538
112340 231.92
112350 229.766153846
112360 229.92
112440 229.766153846
112450 229.92
112460 230.073846154
112550 230.073846154
112560 230.227692308
112660 230.381538462
113330 232.381538462
113340 229.766153846
113350 229.92
113360 230.073846154
113440 229.92
113450 230.073846154
113460 230.227692308
113550 230.227692308
113560 230.381538462
113660 230.535384615
114440 233.073846154
114450 230.227692308
114460 230.381538462
114550 230.381538462
114560 230.535384615
114660 230.689230769
115550 233.766153846
115560 230.689230769
115660 230.843076923
116660 234.458461538
122220 230.689230769
122230 230.227692308
122240 230.458461538
122250 230.689230769
122260 230.92
122330 229.612307692
122340 229.766153846
122350 229.92
122360 230.073846154
122440 229.92
122450 230.073846154
122460 230.227692308
122550 230.227692308
122560 230.381538462
122660 230.535384615
123330 230.689230769
123340 229.92
123350 230.073846154
123360 230.227692308
123440 232.381538462
123450 235.612307692
123460 232.689230769
123550 230.381538462
123560 230.535384615
123660 230.689230769
124440 231.381538462
124450 230.381538462
124460 230.535384615
124550 230.535384615
124560 230.689230769
124660 230.843076923
125550 232.073846154
125560 230.843076923
125660 230.996923077
126660 232.766153846
133330 231.92
133340 231.150769231
133350 231.381538462
133360 231.612307692
133440 230.227692308
133450 230.381538462
133460 230.535384615
133550 230.535384615
133560 230.689230769
133660 230.843076923
134440 231.612307692
134450 230.535384615
134460 230.689230769
134550 230.689230769
134560 233.150769231
134660 230.996923077
135550 232.304615385
135560 230.996923077
135660 231.150769231
136660 232.996923077
144440 233.150769231
144450 232.073846154
144460 232.304615385
144550 230.843076923
144560 230.996923077
144660 231.150769231
145550 232.535384615
145560 231.150769231
145660 231.304615385
146660 233.227692308
155550 234.381538462
155560 232.996923077
155660 231.458461538
156660 233.458461538
166660 235.612307692
222220 234.843076923
222230 231.304615385
222240 231.612307692
222250 231.92
222260 232.227692308
222330 232.612307692
222340 230.92
222350 231.150769231
222360 231.381538462
222440 233.073846154
222450 231.381538462
222460 231.612307692
222550 233.535384615
222560 231.843076923
222660 233.996923077
223330 232.843076923
223340 230.073846154
223350 230.227692308
223360 230.381538462
223440 230.227692308
223450 232.689230769
223460 230.535384615
223550 230.535384615
223560 230.689230769
223660 230.843076923
224440 233.535384615
224450 230.535384615
224460 230.689230769
224550 230.689230769
224560 230.843076923
224660 230.996923077
225550 234.227692308
225560 230.996923077
225660 231.150769231
226660 234.92
233330 232.227692308
233340 231.381538462
233350 231.612307692
233360 231.843076923
233440 230.381538462
233450 230.535384615
233460 230.689230769
233550 230.689230769
233560 230.843076923
233660 230.996923077
234440 231.843076923
234450 230.689230769
234460 230.843076923
234550 233.150769231
234560 236.381538462
234660 231.150769231
235550 232.535384615
235560 231.150769231
235660 231.304615385
236660 233.227692308
244440 233.458461538
244450 232.304615385
244460 232.535384615
244550 230.996923077
244560 231.150769231
244660 231.304615385
245550 232.766153846
245560 231.304615385
245660 231.458461538
246660 233.458461538
255550 234.689230769
255560 233.227692308
255660 231.612307692
256660 233.689230769
266660 235.92
333330 236.381538462
333340 232.843076923
333350 233.150769231
333360 233.458461538
333440 233.766153846
333450 232.073846154
333460 232.304615385
333550 234.227692308
333560 232.535384615
333660 234.689230769
334440 233.996923077
334450 230.843076923
334460 230.996923077
334550 230.996923077
334560 233.458461538
334660 231.304615385
335550 234.689230769
335560 231.304615385
335660 231.458461538
336660 235.381538462
344440 233.766153846
344450 232.535384615
344460 232.766153846
344550 231.150769231
344560 231.304615385
344660 231.458461538
345550 232.996923077
345560 231.458461538
345660 233.92
346660 233.689230769
355550 234.996923077
355560 233.458461538
355660 231.766153846
356660 233.92
366660 236.227692308
444440 237.92
444450 234.381538462
444460 234.689230769
444550 234.92
444560 233.227692308
444660 235.381538462
445550 235.150769231
445560 231.612307692
445660 231.766153846
446660 235.843076923
455550 235.304615385
455560 233.689230769
455660 231.92
456660 234.150769231
466660 236.535384615
555550 239.458461538
555560 235.92
555660 236.073846154
556660 236.304615385
566660 236.843076923
666660 240.996923077
